1.000000e+00,2.512695e-01,1.749617e-01,1.716277e-01,1.828748e-01,1.265105e-01,1.309231e-01,1.470717e-01,2.646206e-01,9.335368e-02,1.067647e-01,1.213323e-01,2.813480e-01,2.473869e-01,3.106439e-01,1.061124e-01,1.175140e-01,8.675133e-02,2.607130e-01,3.324655e-01,3.279704e-01,1.138793e-01,9.728763e-02,7.644649e-02,1.783907e-01,1.239444e-01,1.687226e-01,7.805772e-02,1.800006e-01,1.970636e-01,3.145171e-01,2.943417e-01,2.941298e-01,1.252619e-01,1.080150e-01,9.524867e-02,1.285883e-01,1.189193e-01,1.593909e-01,2.697535e-01,2.247872e-01,2.345467e-01,1.444435e-01,1.294063e-01,1.779248e-01,3.516730e-01,2.709380e-01,2.963066e-01,1.108858e-01,1.527414e-01,1.285406e-01,2.136069e-01,2.467875e-01,2.277476e-01,1.976069e-01,1.858369e-01,1.555963e-01,2.376736e-01,1.109619e-01,2.952498e-01,9.900862e-02,9.094538e-02,6.423226e-02,1.594973e-01,2.272221e-01,1.408150e-01,2.758669e-01,2.276305e-01,2.181753e-01,9.905074e-02,1.307948e-01,9.775665e-02,9.616110e-02,1.169498e-01,1.218629e-01,1.373938e-01,1.544708e-01,1.466859e-01,3.125805e-01,2.185648e-01,1.539912e-01,9.699305e-02,1.338450e-01,9.812409e-02,8.025632e-02,1.108796e-01,1.066015e-01,1.651429e-01,1.139233e-01,1.036947e-01,1.076722e-01,9.940673e-02,9.661805e-02,1.683330e-01,1.414008e-01,1.815460e-01,2.232557e-01,1.609980e-01,1.083983e-01,9.616965e-02,8.599767e-02,7.784888e-02,2.535564e-01,9.264413e-02,9.136372e-02,3.101781e-01,2.811294e-01,2.029503e-01,1.063102e-01,1.293593e-01,1.547195e-01,2.857929e-01,2.621512e-01,3.247303e-01,1.489930e-01,9.799111e-02,2.516706e-01,1.184706e-01,1.022749e-01,9.282789e-02,2.830273e-01,2.449998e-01,2.616710e-01,1.643020e-01,1.271571e-01,1.235052e-01,2.012868e-01,1.902866e-01,1.598603e-01,3.642639e-01,2.516068e-01,2.882349e-01,3.394239e-01,2.778311e-01,3.415388e-01,2.908751e-01,2.973363e-01,2.145288e-01,2.658388e-01,2.453648e-01,2.070313e-01,2.397913e-01,2.433599e-01,2.442157e-01,2.776944e-01,3.188346e-01,3.056662e-01,2.819227e-01,2.868461e-01,2.629113e-01,3.164424e-01,2.791920e-01,2.045121e-01,2.493064e-01,1.487093e-01,4.858394e-03,7.114478e-02,1.309900e-01,7.616360e-02
2.512695e-01,1.000000e+00,1.383338e-01,1.552772e-01,2.090785e-01,1.132922e-01,9.891920e-02,1.692284e-01,1.604173e-01,8.660326e-02,1.007109e-01,1.122847e-01,1.855416e-01,2.747933e-01,2.218464e-01,9.693494e-02,1.344509e-01,6.887146e-02,2.038972e-01,3.116221e-01,2.313911e-01,1.129381e-01,1.283795e-01,7.216871e-02,1.270123e-01,1.168146e-01,9.421161e-02,7.387398e-02,1.998833e-01,1.355469e-01,2.481266e-01,2.653644e-01,1.936353e-01,1.016744e-01,1.475442e-01,8.865726e-02,9.690397e-02,1.090339e-01,1.136070e-01,1.901117e-01,2.106181e-01,1.394903e-01,8.339998e-02,1.699683e-01,1.318946e-01,2.722884e-01,1.749431e-01,1.989885e-01,9.395298e-02,1.936620e-01,9.033202e-02,1.655361e-01,2.668183e-01,1.204501e-01,1.360992e-01,1.757789e-01,1.030332e-01,1.795027e-01,1.312662e-01,1.879076e-01,9.173219e-02,1.464616e-01,1.267504e-01,1.551734e-01,1.904472e-01,1.330465e-01,1.749420e-01,1.816219e-01,1.528557e-01,1.026820e-01,9.373159e-02,1.055070e-01,7.489749e-02,1.408776e-01,8.479959e-02,1.258103e-01,1.901668e-01,1.151839e-01,2.671111e-01,2.035832e-01,1.077095e-01,7.215187e-02,1.347011e-01,7.270853e-02,6.729866e-02,1.683509e-01,9.724178e-02,1.837136e-01,1.757332e-01,1.008682e-01,1.058205e-01,1.059842e-01,1.027010e-01,1.268551e-01,1.393456e-01,1.326735e-01,1.647371e-01,1.565076e-01,1.030380e-01,8.920874e-02,1.267778e-01,7.213303e-02,1.638264e-01,9.918137e-02,8.934829e-02,2.432695e-01,2.156061e-01,1.226790e-01,1.063900e-01,1.349269e-01,1.000776e-01,1.928108e-01,2.286234e-01,2.413979e-01,1.256043e-01,1.092045e-01,1.555895e-01,1.056473e-01,1.256752e-01,8.791853e-02,1.493540e-01,1.541257e-01,1.538833e-01,1.349334e-01,1.360759e-01,9.600963e-02,1.772428e-01,1.621539e-01,1.258220e-01,2.411352e-01,2.054164e-01,1.737655e-01,2.162529e-01,2.375878e-01,2.474264e-01,1.860580e-01,1.927574e-01,1.207186e-01,1.890926e-01,1.728801e-01,1.362388e-01,2.152238e-01,1.995804e-01,1.483818e-01,2.388113e-01,2.683783e-01,1.767178e-01,1.605747e-01,1.968349e-01,1.649779e-01,2.184029e-01,3.202386e-01,1.466150e-01,1.823111e-01,9.933237e-02,3.186559e-03,6.101370e-02,1.138011e-01,7.244905e-02
1.749617e-01,1.383338e-01,1.000000e+00,1.692819e-01,1.524964e-01,1.485273e-01,6.605660e-02,7.122541e-02,1.283574e-01,9.778155e-02,1.096012e-01,1.601059e-01,1.420966e-01,1.212662e-01,1.649609e-01,1.204836e-01,1.306893e-01,8.877886e-02,1.216210e-01,1.824784e-01,1.676078e-01,1.270172e-01,9.614903e-02,8.067879e-02,9.111981e-02,6.932183e-02,8.770236e-02,9.176683e-02,1.189405e-01,1.255217e-01,1.455161e-01,1.422433e-01,1.402602e-01,1.357353e-01,1.262908e-01,1.254657e-01,1.363313e-01,1.000034e-01,1.164154e-01,1.480022e-01,1.728038e-01,1.552066e-01,8.722718e-02,1.208403e-01,1.059346e-01,1.965864e-01,1.379487e-01,1.308014e-01,1.309281e-01,1.254402e-01,1.245424e-01,1.120792e-01,1.202754e-01,1.274572e-01,1.072098e-01,1.073109e-01,1.054067e-01,1.150833e-01,6.826475e-02,1.499468e-01,1.321382e-01,1.117100e-01,9.926891e-02,1.278835e-01,1.510219e-01,1.401367e-01,1.452910e-01,1.115818e-01,1.103866e-01,1.050483e-01,1.045708e-01,1.242413e-01,9.795809e-02,9.807822e-02,7.882147e-02,1.200774e-01,1.220677e-01,1.297161e-01,1.618284e-01,9.138440e-02,9.559884e-02,9.538598e-02,1.277672e-01,1.588218e-01,1.059844e-01,9.003643e-02,1.482721e-01,1.146814e-01,1.030898e-01,9.501953e-02,9.405519e-02,7.752526e-02,1.017400e-01,1.075928e-01,8.383424e-02,1.278053e-01,1.135262e-01,1.094381e-01,1.097508e-01,9.136434e-02,7.746457e-02,8.882096e-02,1.215297e-01,9.941499e-02,1.061030e-01,1.931359e-01,1.589708e-01,1.114035e-01,1.393044e-01,8.377651e-02,1.011082e-01,1.355978e-01,1.348857e-01,1.545923e-01,8.834485e-02,6.706106e-02,1.520385e-01,1.135574e-01,9.966505e-02,1.226328e-01,1.362480e-01,1.383115e-01,1.329617e-01,1.763841e-01,1.267734e-01,1.482231e-01,1.371330e-01,1.051479e-01,9.831563e-02,2.037210e-01,1.145065e-01,1.465598e-01,1.718597e-01,1.468481e-01,1.859992e-01,1.455431e-01,1.683014e-01,2.158009e-01,1.541306e-01,1.384160e-01,1.154109e-01,1.255229e-01,1.360220e-01,1.372647e-01,1.650874e-01,1.639689e-01,1.596766e-01,1.304010e-01,1.280678e-01,1.588164e-01,1.716833e-01,1.309417e-01,1.036761e-01,1.128983e-01,6.890006e-02,5.389153e-03,7.791665e-02,9.482405e-02,9.670875e-02
1.716277e-01,1.552772e-01,1.692819e-01,1.000000e+00,2.407512e-01,2.259098e-01,5.548730e-02,5.218333e-02,9.252003e-02,1.437401e-01,1.804626e-01,2.020087e-01,9.663993e-02,1.110592e-01,9.276648e-02,2.196324e-01,1.835657e-01,1.447198e-01,1.060544e-01,1.241633e-01,9.590969e-02,1.991588e-01,1.749957e-01,1.487422e-01,6.574283e-02,6.005394e-02,5.440968e-02,1.575176e-01,1.479645e-01,9.892324e-02,1.213375e-01,1.085280e-01,8.747388e-02,1.824602e-01,2.198985e-01,2.031265e-01,1.909254e-01,1.221903e-01,1.085124e-01,1.367367e-01,1.701203e-01,1.172053e-01,6.804062e-02,2.147190e-01,7.808812e-02,1.383801e-01,8.665103e-02,8.687080e-02,2.517543e-01,2.506178e-01,1.995795e-01,8.062177e-02,4.579899e-02,1.055878e-01,1.233249e-01,1.099593e-01,1.122488e-01,1.043690e-01,8.683808e-02,7.909110e-02,2.017935e-01,2.085079e-01,1.180907e-01,1.941358e-01,2.288768e-01,2.159432e-01,1.253707e-01,7.486381e-02,7.617701e-02,1.697315e-01,1.534480e-01,1.981004e-01,1.622193e-01,1.522796e-01,8.640336e-02,2.468271e-01,2.304745e-01,2.010159e-01,1.498140e-01,8.530603e-02,1.032107e-01,1.674579e-01,2.050489e-01,2.058283e-01,2.212610e-01,2.250255e-01,2.564086e-01,1.897497e-01,1.744104e-01,1.515744e-01,1.406433e-01,1.585101e-01,1.884190e-01,1.123462e-01,7.196770e-02,1.356726e-01,7.485756e-02,1.326327e-01,1.709468e-01,1.676048e-01,1.261385e-01,1.505802e-01,8.090423e-02,1.693877e-01,1.828169e-01,2.296388e-01,1.215615e-01,1.021373e-01,2.236026e-01,1.499021e-01,9.164521e-02,1.061026e-01,9.686056e-02,1.209204e-01,1.163880e-01,7.749348e-02,1.183657e-01,1.969971e-01,1.723372e-01,1.922370e-01,1.020238e-01,8.612548e-02,6.191173e-02,2.386649e-01,2.085215e-01,2.125252e-01,2.050382e-01,8.598833e-02,1.032508e-01,2.053686e-01,7.688711e-02,1.038586e-01,1.017365e-01,1.407952e-01,1.634001e-01,9.307346e-02,1.865874e-01,1.722081e-01,1.427537e-01,1.053566e-01,8.661680e-02,1.265468e-01,1.065686e-01,1.107768e-01,1.422789e-01,1.249521e-01,8.590753e-02,1.246121e-01,7.641095e-02,1.252609e-01,1.242441e-01,1.074329e-01,6.517062e-02,5.857428e-02,1.818774e-02,1.002132e-02,1.368922e-01,1.290362e-01,1.722877e-01
1.828748e-01,2.090785e-01,1.524964e-01,2.407512e-01,1.000000e+00,2.283253e-01,6.214534e-02,9.359636e-02,7.951015e-02,1.214825e-01,2.306007e-01,1.915575e-01,7.203127e-02,1.508432e-01,1.175169e-01,1.471146e-01,2.315970e-01,1.532695e-01,1.412330e-01,2.162454e-01,1.267645e-01,1.918034e-01,2.149672e-01,1.300247e-01,6.420454e-02,6.066379e-02,5.163853e-02,1.423686e-01,1.960814e-01,1.295537e-01,8.879956e-02,1.448143e-01,7.668380e-02,1.550863e-01,2.589105e-01,1.738785e-01,1.753272e-01,1.390131e-01,1.170184e-01,1.507897e-01,2.277111e-01,1.108903e-01,6.189203e-02,2.607076e-01,6.054489e-02,1.650979e-01,1.017662e-01,8.895015e-02,2.120119e-01,3.153765e-01,1.849554e-01,5.832523e-02,9.854866e-02,1.101521e-01,1.248106e-01,1.081442e-01,6.810769e-02,9.938812e-02,8.000577e-02,8.551435e-02,1.483318e-01,1.670069e-01,1.732606e-01,1.700627e-01,2.418580e-01,1.375221e-01,9.544432e-02,8.975913e-02,7.833404e-02,1.594367e-01,1.211077e-01,1.645813e-01,1.247957e-01,1.694191e-01,7.840909e-02,1.769996e-01,2.638236e-01,1.457790e-01,1.543813e-01,9.990657e-02,1.077658e-01,1.177872e-01,2.471743e-01,1.268534e-01,1.201875e-01,2.661272e-01,1.590268e-01,2.186419e-01,2.402753e-01,1.403033e-01,1.755479e-01,1.835098e-01,1.443568e-01,1.257330e-01,9.751681e-02,1.408480e-01,9.487816e-02,1.896693e-01,1.440813e-01,1.674087e-01,2.144729e-01,1.254722e-01,5.683837e-02,1.639533e-01,1.485620e-01,2.190329e-01,1.495430e-01,8.927718e-02,1.360859e-01,1.537917e-01,7.966923e-02,1.240988e-01,1.208785e-01,1.373238e-01,1.325457e-01,1.299108e-01,9.710236e-02,1.956884e-01,2.195706e-01,1.653827e-01,1.026482e-01,7.465305e-02,6.100496e-02,2.171062e-01,2.273372e-01,1.577509e-01,2.058953e-01,1.272551e-01,8.099228e-02,1.618428e-01,8.907378e-02,6.972156e-02,8.903329e-02,1.431631e-01,1.406839e-01,7.870789e-02,1.693902e-01,1.803028e-01,1.136335e-01,8.698963e-02,5.372569e-02,1.173144e-01,1.330545e-01,1.042352e-01,1.735416e-01,1.839463e-01,6.569498e-02,5.257166e-02,7.460717e-02,5.641756e-02,1.039822e-01,1.364681e-01,6.524838e-02,3.823275e-02,3.722606e-02,2.564944e-03,1.025217e-01,1.141844e-01,1.072225e-01
1.265105e-01,1.132922e-01,1.485273e-01,2.259098e-01,2.283253e-01,1.000000e+00,4.831405e-02,4.749256e-02,8.204396e-02,1.322547e-01,1.401344e-01,1.971444e-01,7.269327e-02,7.822054e-02,1.054429e-01,1.959341e-01,1.702987e-01,1.622367e-01,1.014711e-01,1.102375e-01,8.208487e-02,1.658127e-01,1.157245e-01,1.450135e-01,5.845611e-02,4.256492e-02,5.688299e-02,1.732540e-01,1.278645e-01,1.385970e-01,1.023816e-01,7.800171e-02,1.238540e-01,1.610284e-01,1.743973e-01,1.948035e-01,1.710880e-01,1.206138e-01,1.022544e-01,1.274150e-01,1.415825e-01,1.203970e-01,5.970252e-02,1.716252e-01,7.660397e-02,1.467400e-01,7.571053e-02,6.609170e-02,2.210660e-01,2.032593e-01,2.099753e-01,1.055904e-01,4.286444e-02,8.206163e-02,1.011581e-01,1.027354e-01,6.946467e-02,9.879262e-02,6.506746e-02,9.732025e-02,1.612134e-01,1.473742e-01,2.204076e-01,1.253768e-01,1.800125e-01,1.303528e-01,9.451398e-02,6.004932e-02,6.527369e-02,1.192223e-01,1.188441e-01,1.424826e-01,1.555326e-01,1.213734e-01,8.916837e-02,1.671803e-01,1.539910e-01,1.655995e-01,1.577035e-01,6.408206e-02,9.396958e-02,1.126418e-01,1.682773e-01,1.766955e-01,1.728775e-01,1.565042e-01,1.982259e-01,1.593576e-01,1.276292e-01,1.369238e-01,1.374099e-01,9.931493e-02,1.457318e-01,8.805464e-02,6.659692e-02,1.337155e-01,8.428178e-02,1.070547e-01,1.353803e-01,1.355029e-01,9.004167e-02,1.346556e-01,7.259047e-02,1.515019e-01,1.582440e-01,2.096957e-01,1.129095e-01,9.357743e-02,1.663161e-01,8.648675e-02,7.663026e-02,9.847654e-02,7.665716e-02,1.057300e-01,9.566775e-02,7.543231e-02,1.401985e-01,1.730158e-01,1.312405e-01,2.023241e-01,6.842605e-02,6.877687e-02,7.063785e-02,1.958054e-01,1.322976e-01,1.969830e-01,1.833590e-01,8.522583e-02,1.093049e-01,2.385601e-01,5.679467e-02,1.188237e-01,9.261539e-02,1.010305e-01,2.061289e-01,8.460163e-02,1.269619e-01,2.070318e-01,1.223235e-01,9.003734e-02,6.543511e-02,9.743079e-02,7.845576e-02,9.181638e-02,1.788103e-01,1.425680e-01,9.595292e-02,8.300690e-02,5.532470e-02,1.096012e-01,1.375665e-01,9.520585e-02,7.626766e-02,6.073547e-02,1.727733e-02,1.128311e-02,1.109181e-01,9.684382e-02,1.198414e-01
1.309231e-01,9.891920e-02,6.605660e-02,5.548730e-02,6.214534e-02,4.831405e-02,1.000000e+00,9.073860e-02,1.092603e-01,4.411280e-02,4.870407e-02,4.454372e-02,1.515693e-01,1.282530e-01,1.424029e-01,5.206178e-02,4.890842e-02,3.426263e-02,9.505598e-02,1.440163e-01,1.200360e-01,4.244703e-02,4.658277e-02,3.161094e-02,9.987592e-02,6.824694e-02,7.981914e-02,5.081054e-02,1.071971e-01,9.694035e-02,1.586816e-01,1.327335e-01,1.336735e-01,6.421704e-02,6.096102e-02,3.986335e-02,6.154951e-02,5.529226e-02,6.437775e-02,1.262385e-01,1.127343e-01,1.099768e-01,7.677944e-02,7.830348e-02,9.429939e-02,1.621721e-01,1.155799e-01,1.338715e-01,5.992456e-02,6.617821e-02,5.392681e-02,1.204151e-01,1.191051e-01,1.161139e-01,5.534246e-02,8.878845e-02,6.203813e-02,1.330297e-01,7.748851e-02,1.278353e-01,5.689298e-02,3.893785e-02,3.453129e-02,7.993257e-02,8.821825e-02,4.847204e-02,1.172422e-01,1.046931e-01,8.994706e-02,4.748564e-02,6.248553e-02,3.785962e-02,5.338753e-02,6.378371e-02,5.741922e-02,5.183488e-02,6.867098e-02,6.488082e-02,1.569968e-01,1.008916e-01,6.312594e-02,5.366988e-02,7.852990e-02,4.480509e-02,3.719807e-02,5.922657e-02,5.193988e-02,3.927227e-02,4.024706e-02,2.810520e-02,4.455963e-02,4.921427e-02,4.940145e-02,8.609749e-02,7.167772e-02,7.622171e-02,1.070011e-01,6.964430e-02,4.483260e-02,4.928917e-02,3.837611e-02,3.615704e-02,1.290445e-01,5.096844e-02,3.790636e-02,1.228865e-01,1.281347e-01,8.703166e-02,5.556124e-02,5.230316e-02,8.124909e-02,1.128010e-01,1.152996e-01,1.260695e-01,7.887271e-02,4.653778e-02,1.082621e-01,6.513177e-02,5.226232e-02,3.848148e-02,1.304328e-01,1.229614e-01,1.206351e-01,8.140835e-02,6.407427e-02,5.354198e-02,9.535534e-02,8.844562e-02,6.237113e-02,1.676889e-01,1.075093e-01,1.299358e-01,1.446531e-01,1.194874e-01,1.490262e-01,1.466743e-01,1.222631e-01,9.120309e-02,1.227288e-01,1.149289e-01,9.036050e-02,1.003152e-01,1.065828e-01,1.027844e-01,1.194163e-01,1.238713e-01,1.209657e-01,1.351567e-01,1.361495e-01,1.200302e-01,1.515526e-01,1.535521e-01,9.528159e-02,1.309847e-01,7.386714e-02,9.392183e-03,4.213023e-02,6.430179e-02,4.270900e-02
1.470717e-01,1.692284e-01,7.122541e-02,5.218333e-02,9.359636e-02,4.749256e-02,9.073860e-02,1.000000e+00,1.207988e-01,3.308663e-02,5.262490e-02,4.116471e-02,1.589596e-01,1.986407e-01,1.682444e-01,4.761628e-02,8.616103e-02,4.093940e-02,1.187114e-01,1.861957e-01,1.333332e-01,4.457820e-02,6.946462e-02,3.333775e-02,1.089875e-01,9.404762e-02,8.670431e-02,3.780194e-02,1.433541e-01,1.019725e-01,1.879977e-01,1.823843e-01,1.653098e-01,5.724681e-02,1.047029e-01,3.956054e-02,5.224953e-02,7.505735e-02,6.794119e-02,1.312878e-01,1.261135e-01,1.257680e-01,8.426555e-02,1.099231e-01,1.024833e-01,2.059091e-01,1.275125e-01,1.590747e-01,4.377712e-02,1.045881e-01,5.273817e-02,1.324114e-01,1.922528e-01,1.158153e-01,6.802151e-02,1.231295e-01,6.728920e-02,1.463627e-01,9.795118e-02,1.557709e-01,5.909636e-02,9.116401e-02,9.143174e-02,9.131940e-02,1.234851e-01,5.374984e-02,1.126088e-01,1.381200e-01,1.027724e-01,4.307204e-02,6.208559e-02,3.150455e-02,5.078612e-02,9.580012e-02,6.344167e-02,6.191295e-02,8.317255e-02,6.690273e-02,1.897267e-01,1.527261e-01,7.050016e-02,3.666926e-02,9.843924e-02,4.485679e-02,4.062279e-02,9.582682e-02,4.029404e-02,4.120772e-02,7.437216e-02,2.359685e-02,4.020199e-02,5.320646e-02,3.983604e-02,8.668226e-02,9.820686e-02,8.307206e-02,1.241079e-01,8.970740e-02,5.320411e-02,4.618265e-02,6.132360e-02,2.784913e-02,1.553236e-01,5.628006e-02,3.535491e-02,1.379365e-01,1.516829e-01,1.005422e-01,4.603162e-02,7.183005e-02,8.276185e-02,1.276870e-01,1.514971e-01,1.417601e-01,7.917809e-02,6.381372e-02,1.194445e-01,5.642470e-02,7.133691e-02,3.408908e-02,1.378294e-01,1.317204e-01,1.361428e-01,1.135742e-01,7.599439e-02,4.607455e-02,1.142859e-01,1.112625e-01,7.397112e-02,1.737126e-01,1.590055e-01,1.342651e-01,1.629604e-01,1.564438e-01,1.897086e-01,1.816140e-01,1.231207e-01,1.307166e-01,1.694117e-01,1.436411e-01,1.023473e-01,1.251353e-01,1.329460e-01,1.215985e-01,1.492793e-01,1.703742e-01,1.286990e-01,1.392765e-01,1.661206e-01,1.476322e-01,1.818472e-01,2.364633e-01,1.178745e-01,1.612015e-01,9.543426e-02,5.732401e-04,3.555552e-02,8.472644e-02,2.851161e-02
2.646206e-01,1.604173e-01,1.283574e-01,9.252003e-02,7.951015e-02,8.204396e-02,1.092603e-01,1.207988e-01,1.000000e+00,4.521787e-02,4.664988e-02,6.855768e-02,2.768999e-01,2.099504e-01,2.804216e-01,7.637946e-02,4.810624e-02,4.696204e-02,2.155335e-01,2.604780e-01,2.968769e-01,5.937174e-02,4.898313e-02,4.568925e-02,1.502202e-01,8.664269e-02,1.635229e-01,5.765898e-02,1.206206e-01,1.842260e-01,2.694800e-01,2.378990e-01,2.683204e-01,9.705779e-02,5.841409e-02,6.631054e-02,7.498663e-02,8.010172e-02,1.287190e-01,2.427993e-01,1.735539e-01,2.191992e-01,1.338001e-01,6.438303e-02,1.631356e-01,2.745243e-01,2.459110e-01,2.722170e-01,6.823689e-02,7.199253e-02,7.706212e-02,2.019354e-01,2.126307e-01,2.341077e-01,1.520003e-01,1.609786e-01,1.416618e-01,2.085161e-01,6.807372e-02,2.740505e-01,6.824665e-02,5.745103e-02,6.258686e-02,9.819789e-02,1.747140e-01,9.778219e-02,2.121183e-01,1.766919e-01,1.959717e-01,5.531324e-02,8.463465e-02,5.504788e-02,7.144127e-02,7.826390e-02,1.027676e-01,8.225057e-02,8.950480e-02,1.113501e-01,2.647411e-01,1.654936e-01,1.324332e-01,5.354983e-02,5.711491e-02,5.432324e-02,5.862007e-02,4.519584e-02,6.403300e-02,9.558711e-02,5.624709e-02,6.001689e-02,6.115943e-02,5.180436e-02,5.829764e-02,1.320208e-01,1.032946e-01,1.478947e-01,1.973263e-01,1.012245e-01,5.818602e-02,5.223237e-02,3.494493e-02,4.446946e-02,2.574574e-01,4.571118e-02,4.748541e-02,2.524843e-01,2.369487e-01,1.879218e-01,6.647999e-02,8.622942e-02,1.503980e-01,2.573036e-01,2.280377e-01,2.889935e-01,1.229534e-01,5.403868e-02,2.333590e-01,7.181782e-02,5.216912e-02,6.316027e-02,2.658798e-01,2.259618e-01,2.620668e-01,1.158379e-01,6.585418e-02,7.597766e-02,1.300247e-01,1.641567e-01,9.534864e-02,2.928251e-01,2.286667e-01,2.760886e-01,2.787195e-01,2.114937e-01,3.096049e-01,2.749924e-01,2.481572e-01,1.920698e-01,2.515953e-01,2.314037e-01,1.937585e-01,1.904677e-01,1.990365e-01,2.191644e-01,2.443416e-01,2.703849e-01,2.734094e-01,2.809933e-01,2.623500e-01,2.568023e-01,2.840511e-01,2.061907e-01,1.892676e-01,2.511921e-01,1.523696e-01,4.185595e-03,4.357858e-02,1.053036e-01,4.240844e-02
9.335368e-02,8.660326e-02,9.778155e-02,1.437401e-01,1.214825e-01,1.322547e-01,4.411280e-02,3.308663e-02,4.521787e-02,1.000000e+00,8.935908e-02,1.323556e-01,5.574843e-02,5.107648e-02,6.503394e-02,1.291676e-01,1.051873e-01,8.063983e-02,6.280884e-02,8.808065e-02,6.239496e-02,1.206046e-01,8.841941e-02,7.306271e-02,5.132539e-02,4.627222e-02,3.761867e-02,9.796471e-02,1.049605e-01,8.932767e-02,9.804052e-02,7.936721e-02,6.827677e-02,9.471234e-02,1.113084e-01,1.100293e-01,9.887390e-02,7.230145e-02,5.914379e-02,6.115932e-02,1.059896e-01,7.280465e-02,4.552792e-02,1.205605e-01,5.605331e-02,1.073937e-01,5.921172e-02,4.520234e-02,1.332395e-01,1.359905e-01,1.194589e-01,5.650981e-02,5.807979e-02,5.284038e-02,4.962411e-02,6.208257e-02,4.346288e-02,7.096712e-02,5.774837e-02,5.584746e-02,1.165143e-01,1.092128e-01,7.414897e-02,1.030448e-01,1.246159e-01,1.187115e-01,9.355346e-02,5.661268e-02,4.950987e-02,1.086135e-01,1.005205e-01,1.120917e-01,9.431179e-02,8.682802e-02,5.055638e-02,1.229460e-01,9.192607e-02,1.140005e-01,7.612851e-02,4.404448e-02,6.015546e-02,8.402465e-02,1.233346e-01,9.564156e-02,1.153349e-01,1.073119e-01,1.400622e-01,1.075780e-01,1.096042e-01,7.907066e-02,8.450754e-02,9.617022e-02,9.897452e-02,7.044877e-02,4.686533e-02,7.026627e-02,5.245791e-02,7.155285e-02,8.297759e-02,8.336557e-02,7.127222e-02,8.284746e-02,4.881828e-02,1.022505e-01,1.227728e-01,1.071697e-01,7.973689e-02,5.286146e-02,1.254876e-01,8.786434e-02,5.831327e-02,5.773499e-02,6.888515e-02,6.518259e-02,6.743544e-02,6.429393e-02,9.833413e-02,1.023275e-01,8.840712e-02,1.090446e-01,5.774250e-02,7.378422e-02,3.916698e-02,1.179672e-01,9.867037e-02,1.170441e-01,1.049407e-01,5.811039e-02,1.116787e-01,1.427618e-01,4.727612e-02,9.392637e-02,7.616066e-02,8.323326e-02,1.298901e-01,6.378791e-02,1.261438e-01,1.047916e-01,9.062980e-02,7.148934e-02,5.536575e-02,7.431779e-02,7.072242e-02,5.925050e-02,9.469152e-02,7.208446e-02,6.764947e-02,6.459017e-02,4.828959e-02,7.518190e-02,8.116161e-02,7.186568e-02,4.375079e-02,4.658744e-02,1.539487e-02,7.207378e-03,7.222575e-02,7.305840e-02,9.379079e-02
1.067647e-01,1.007109e-01,1.096012e-01,1.804626e-01,2.306007e-01,1.401344e-01,4.870407e-02,5.262490e-02,4.664988e-02,8.935908e-02,1.000000e+00,1.272461e-01,7.095550e-02,8.069095e-02,7.364272e-02,1.300597e-01,1.698905e-01,1.103176e-01,5.325021e-02,1.312192e-01,4.188448e-02,1.353680e-01,1.484493e-01,9.276693e-02,6.661321e-02,5.468842e-02,4.193721e-02,9.742929e-02,1.295260e-01,9.012494e-02,6.542768e-02,7.643379e-02,6.641744e-02,1.324951e-01,1.751645e-01,1.351872e-01,1.296589e-01,1.039151e-01,7.942878e-02,1.035209e-01,1.661411e-01,8.142624e-02,5.440982e-02,1.747787e-01,7.218801e-02,9.755728e-02,5.053189e-02,6.212290e-02,1.725569e-01,2.262759e-01,1.261555e-01,4.765187e-02,5.592872e-02,9.057926e-02,6.213231e-02,7.909560e-02,6.419162e-02,7.802324e-02,8.171585e-02,5.662851e-02,1.207968e-01,1.317384e-01,1.042930e-01,1.378927e-01,1.862161e-01,1.112512e-01,8.383781e-02,5.863963e-02,4.804333e-02,1.216001e-01,9.875247e-02,1.262549e-01,1.052922e-01,1.283724e-01,6.223484e-02,1.483687e-01,1.894223e-01,1.185052e-01,9.990213e-02,5.539974e-02,6.545241e-02,9.828598e-02,1.695579e-01,1.273816e-01,1.162642e-01,1.848241e-01,1.649670e-01,9.333727e-02,1.374387e-01,8.525227e-02,1.181226e-01,1.201852e-01,1.200893e-01,8.894194e-02,7.222428e-02,9.268635e-02,6.054573e-02,1.138758e-01,1.203700e-01,1.260765e-01,1.401843e-01,1.013130e-01,4.955477e-02,1.096268e-01,1.179518e-01,1.342630e-01,9.857015e-02,7.543428e-02,1.314739e-01,1.216411e-01,6.960525e-02,5.225257e-02,8.022328e-02,6.351146e-02,9.272130e-02,9.496823e-02,7.504116e-02,1.378397e-01,1.412018e-01,1.266695e-01,7.603583e-02,7.337516e-02,5.143544e-02,1.584068e-01,1.664641e-01,1.233753e-01,1.591670e-01,9.097799e-02,6.201477e-02,1.302241e-01,5.814773e-02,3.855795e-02,7.409148e-02,1.041304e-01,1.004559e-01,5.639480e-02,1.188634e-01,1.315245e-01,9.489510e-02,7.768114e-02,6.246239e-02,6.732591e-02,9.134580e-02,7.796125e-02,9.852240e-02,6.894109e-02,4.866649e-02,6.900508e-02,5.988409e-02,5.790384e-02,9.584573e-02,9.377374e-02,5.068145e-02,3.172708e-02,1.961606e-02,1.238845e-02,9.393423e-02,8.186261e-02,1.005260e-01
1.213323e-01,1.122847e-01,1.601059e-01,2.020087e-01,1.915575e-01,1.971444e-01,4.454372e-02,4.116471e-02,6.855768e-02,1.323556e-01,1.272461e-01,1.000000e+00,6.444949e-02,7.494672e-02,8.744104e-02,1.501608e-01,1.542776e-01,1.183720e-01,8.437978e-02,1.149629e-01,9.043451e-02,1.558220e-01,1.128359e-01,1.107233e-01,5.996985e-02,4.335465e-02,5.405395e-02,1.218410e-01,1.185936e-01,9.177576e-02,7.318736e-02,9.939320e-02,7.411137e-02,1.405586e-01,1.659013e-01,1.932638e-01,1.537468e-01,1.149094e-01,9.840058e-02,9.301521e-02,1.546532e-01,1.133759e-01,6.629728e-02,1.564743e-01,7.728531e-02,1.367828e-01,8.071020e-02,6.379503e-02,1.793416e-01,1.925643e-01,1.675027e-01,4.496254e-02,4.992567e-02,7.323006e-02,1.012431e-01,9.261261e-02,7.898772e-02,8.061203e-02,6.519010e-02,7.991647e-02,1.758082e-01,1.592981e-01,1.456271e-01,1.104629e-01,1.871461e-01,1.512004e-01,9.249540e-02,7.391664e-02,7.037895e-02,1.344259e-01,1.244464e-01,1.626806e-01,1.419698e-01,1.102511e-01,7.947508e-02,1.380906e-01,1.577033e-01,1.483781e-01,1.064016e-01,6.474133e-02,9.142788e-02,1.192260e-01,1.627732e-01,1.640033e-01,1.524972e-01,1.268158e-01,2.034347e-01,1.435518e-01,1.475516e-01,1.218698e-01,1.050064e-01,1.122176e-01,1.339994e-01,9.190620e-02,7.057329e-02,1.091028e-01,7.187183e-02,1.042241e-01,1.260713e-01,1.128242e-01,9.242623e-02,1.156910e-01,6.022854e-02,1.363146e-01,1.551332e-01,1.840724e-01,1.179797e-01,8.566858e-02,1.615427e-01,1.002333e-01,7.884584e-02,7.934724e-02,7.978676e-02,9.849242e-02,7.974374e-02,8.130115e-02,1.050387e-01,1.427606e-01,1.248695e-01,1.626525e-01,5.755140e-02,9.357535e-02,4.906518e-02,1.942256e-01,1.370558e-01,1.655519e-01,1.454783e-01,8.998847e-02,8.614325e-02,1.862723e-01,5.367472e-02,1.103193e-01,1.019551e-01,1.126829e-01,1.521903e-01,7.736891e-02,1.456709e-01,2.064296e-01,1.201270e-01,8.907485e-02,6.471402e-02,1.145151e-01,1.051550e-01,1.007473e-01,1.409167e-01,1.306514e-01,9.394860e-02,7.007025e-02,4.072185e-02,9.923039e-02,1.168336e-01,8.717818e-02,7.628458e-02,5.128339e-02,1.696503e-02,1.048661e-02,9.477105e-02,9.691782e-02,1.233568e-01
2.813480e-01,1.855416e-01,1.420966e-01,9.663993e-02,7.203127e-02,7.269327e-02,1.515693e-01,1.589596e-01,2.768999e-01,5.574843e-02,7.095550e-02,6.444949e-02,1.000000e+00,2.672291e-01,3.301198e-01,9.561689e-02,7.335644e-02,5.452018e-02,2.209537e-01,2.612725e-01,2.987216e-01,7.257133e-02,7.562882e-02,4.390434e-02,1.977285e-01,1.328925e-01,1.866017e-01,7.492815e-02,1.646684e-01,2.177446e-01,3.502301e-01,2.725855e-01,3.209640e-01,1.078083e-01,8.391206e-02,6.927398e-02,9.625553e-02,9.160284e-02,1.492944e-01,2.812955e-01,2.207348e-01,2.526435e-01,1.628817e-01,9.906466e-02,1.954669e-01,3.419940e-01,2.634217e-01,2.968204e-01,9.474209e-02,1.049369e-01,8.625652e-02,2.614245e-01,2.632478e-01,2.601812e-01,1.166486e-01,1.943984e-01,1.497579e-01,2.613192e-01,1.054563e-01,3.052792e-01,8.372249e-02,6.224031e-02,4.706049e-02,1.296139e-01,1.893602e-01,8.417812e-02,2.348827e-01,2.082069e-01,2.088268e-01,7.058802e-02,1.007312e-01,6.439438e-02,9.520675e-02,1.066814e-01,1.222223e-01,8.243493e-02,1.078040e-01,1.243544e-01,3.152088e-01,1.994312e-01,1.337720e-01,7.361569e-02,9.508949e-02,7.600171e-02,6.540736e-02,7.619060e-02,7.296999e-02,5.671612e-02,5.096202e-02,4.078273e-02,7.623920e-02,6.555438e-02,7.446924e-02,1.637754e-01,1.331107e-01,1.617901e-01,2.251680e-01,1.169894e-01,7.408480e-02,6.126090e-02,4.339484e-02,4.563789e-02,3.039122e-01,5.300919e-02,4.846384e-02,2.657805e-01,2.624682e-01,2.068932e-01,1.029600e-01,9.658927e-02,1.750977e-01,2.671361e-01,2.572868e-01,2.898039e-01,1.551141e-01,7.265961e-02,2.615276e-01,9.078538e-02,6.456772e-02,5.643663e-02,3.018772e-01,2.614052e-01,3.007120e-01,1.336574e-01,9.818534e-02,9.532663e-02,1.637026e-01,1.869550e-01,1.055225e-01,3.424926e-01,2.545455e-01,3.149615e-01,3.184738e-01,2.429161e-01,3.360650e-01,3.324440e-01,2.531077e-01,2.188995e-01,2.805547e-01,2.578337e-01,2.073233e-01,2.084281e-01,2.307243e-01,2.403239e-01,2.631485e-01,2.718805e-01,3.076880e-01,3.174863e-01,3.058599e-01,2.900006e-01,3.441725e-01,2.807494e-01,2.133708e-01,3.029867e-01,1.777810e-01,4.810255e-03,5.661340e-02,1.110920e-01,4.932897e-02
2.473869e-01,2.747933e-01,1.212662e-01,1.110592e-01,1.508432e-01,7.822054e-02,1.282530e-01,1.986407e-01,2.099504e-01,5.107648e-02,8.069095e-02,7.494672e-02,2.672291e-01,1.000000e+00,2.733982e-01,6.211548e-02,1.177439e-01,4.442332e-02,2.029769e-01,2.773635e-01,2.627122e-01,7.034105e-02,1.058555e-01,4.569714e-02,1.602526e-01,1.370056e-01,1.364418e-01,5.550986e-02,2.003464e-01,1.633901e-01,3.228539e-01,2.780626e-01,2.752179e-01,9.115882e-02,1.384942e-01,6.164097e-02,8.288928e-02,1.061967e-01,1.323679e-01,2.389805e-01,1.995392e-01,2.008256e-01,1.175267e-01,1.275959e-01,1.542020e-01,3.139944e-01,2.086381e-01,2.624179e-01,7.473910e-02,1.588904e-01,8.147311e-02,2.155396e-01,2.851130e-01,2.001736e-01,1.216193e-01,1.900276e-01,1.145922e-01,2.200787e-01,1.410753e-01,2.517858e-01,7.224455e-02,1.257691e-01,1.044859e-01,1.318208e-01,1.885309e-01,8.707694e-02,1.910592e-01,2.113107e-01,1.786294e-01,6.912340e-02,8.245625e-02,6.232433e-02,7.358575e-02,1.370564e-01,9.307310e-02,8.092106e-02,1.241771e-01,1.152837e-01,3.048820e-01,2.270671e-01,1.181113e-01,5.631136e-02,9.423516e-02,5.634563e-02,5.108601e-02,1.417667e-01,5.947020e-02,1.134504e-01,1.281263e-01,6.080572e-02,6.809437e-02,9.409574e-02,7.367159e-02,1.424141e-01,1.523781e-01,1.452822e-01,2.011097e-01,1.426245e-01,8.761648e-02,6.528670e-02,9.527997e-02,4.971108e-02,2.423614e-01,7.217333e-02,4.959079e-02,2.504888e-01,2.435369e-01,1.572373e-01,6.634293e-02,1.351653e-01,1.181543e-01,2.296130e-01,2.565704e-01,2.598922e-01,1.318998e-01,9.092666e-02,1.984296e-01,8.134176e-02,9.642208e-02,5.885818e-02,2.152387e-01,1.880297e-01,2.240656e-01,1.368348e-01,1.127064e-01,7.581457e-02,1.675291e-01,1.738774e-01,1.098931e-01,2.699257e-01,2.343241e-01,2.360329e-01,2.545454e-01,2.339165e-01,2.992093e-01,2.807289e-01,2.141888e-01,1.872583e-01,2.469709e-01,2.190418e-01,1.700481e-01,2.109115e-01,2.031858e-01,1.876956e-01,2.437031e-01,2.836193e-01,2.157338e-01,2.295474e-01,2.378488e-01,2.140659e-01,2.778241e-01,3.335110e-01,1.756836e-01,2.574713e-01,1.516180e-01,1.082748e-02,4.675972e-02,9.660049e-02,4.336551e-02
3.106439e-01,2.218464e-01,1.649609e-01,9.276648e-02,1.175169e-01,1.054429e-01,1.424029e-01,1.682444e-01,2.804216e-01,6.503394e-02,7.364272e-02,8.744104e-02,3.301198e-01,2.733982e-01,1.000000e+00,7.655181e-02,7.147968e-02,6.455782e-02,2.370851e-01,2.835005e-01,3.308562e-01,7.546132e-02,6.994737e-02,6.067197e-02,1.981321e-01,1.275837e-01,1.902929e-01,8.990223e-02,1.806407e-01,2.267974e-01,3.592925e-01,3.098182e-01,3.644999e-01,1.208598e-01,8.833393e-02,9.160480e-02,1.007041e-01,1.019380e-01,1.637408e-01,2.896704e-01,2.367705e-01,2.675815e-01,1.711590e-01,1.058875e-01,2.047271e-01,3.600917e-01,2.784309e-01,3.159170e-01,8.716223e-02,9.646588e-02,1.036516e-01,2.784535e-01,2.974031e-01,2.626193e-01,1.428707e-01,1.975434e-01,1.653918e-01,2.571022e-01,1.122876e-01,3.344620e-01,1.010857e-01,7.146419e-02,1.189146e-01,1.504072e-01,2.124712e-01,1.179302e-01,2.665915e-01,2.398189e-01,2.394255e-01,8.039662e-02,1.041100e-01,8.744344e-02,9.563606e-02,1.124083e-01,1.300771e-01,8.378373e-02,1.198542e-01,1.597355e-01,3.404570e-01,2.251663e-01,1.562209e-01,7.076879e-02,9.772526e-02,7.288981e-02,5.956069e-02,5.821334e-02,8.920403e-02,9.473182e-02,6.965994e-02,7.119219e-02,7.902428e-02,6.322543e-02,8.281927e-02,1.719789e-01,1.393585e-01,1.834937e-01,2.489081e-01,1.333080e-01,9.276725e-02,7.665760e-02,6.085658e-02,6.038270e-02,3.031767e-01,6.007501e-02,6.609776e-02,2.995848e-01,2.873942e-01,2.204121e-01,8.530014e-02,1.034931e-01,1.828501e-01,2.898686e-01,2.653726e-01,3.264077e-01,1.560200e-01,7.847577e-02,2.942783e-01,8.475325e-02,8.236457e-02,7.765836e-02,3.112239e-01,2.912709e-01,3.063232e-01,1.731625e-01,1.077046e-01,1.112756e-01,1.822790e-01,2.200838e-01,1.606851e-01,4.000389e-01,2.929679e-01,3.487689e-01,3.594482e-01,2.918984e-01,3.776900e-01,3.266694e-01,2.634535e-01,2.459983e-01,3.052617e-01,2.765202e-01,2.203532e-01,2.459826e-01,2.675116e-01,2.771292e-01,3.329330e-01,3.489089e-01,3.666548e-01,3.095421e-01,3.381244e-01,3.180442e-01,3.542101e-01,3.688825e-01,2.456526e-01,3.091681e-01,1.885902e-01,3.848541e-03,6.035187e-02,1.286592e-01,4.893757e-02
1.061124e-01,9.693494e-02,1.204836e-01,2.196324e-01,1.471146e-01,1.959341e-01,5.206178e-02,4.761628e-02,7.637946e-02,1.291676e-01,1.300597e-01,1.501608e-01,9.561689e-02,6.211548e-02,7.655181e-02,1.000000e+00,1.347975e-01,1.445953e-01,1.000239e-01,1.167765e-01,5.868153e-02,1.742851e-01,1.442164e-01,1.177282e-01,7.024987e-02,6.439470e-02,4.614692e-02,1.515424e-01,1.200510e-01,9.084385e-02,1.140942e-01,6.919447e-02,6.078609e-02,1.601790e-01,1.618376e-01,1.812169e-01,1.348299e-01,8.738293e-02,6.977812e-02,1.104077e-01,1.353773e-01,1.026535e-01,6.522734e-02,1.902231e-01,8.427704e-02,1.079300e-01,5.765593e-02,4.048486e-02,2.215196e-01,2.026406e-01,1.492399e-01,1.059068e-01,3.710835e-02,7.565175e-02,6.307462e-02,9.455236e-02,5.897130e-02,1.138851e-01,8.302226e-02,6.621145e-02,1.666302e-01,1.536768e-01,1.645142e-01,1.363945e-01,1.668084e-01,1.576011e-01,1.018603e-01,5.410716e-02,5.663670e-02,1.410190e-01,1.353661e-01,1.481428e-01,1.509026e-01,1.093395e-01,8.526361e-02,2.003347e-01,1.354082e-01,1.776403e-01,1.164549e-01,5.411030e-02,7.289694e-02,1.110974e-01,1.758462e-01,1.472203e-01,2.070502e-01,1.618841e-01,2.146012e-01,1.615275e-01,1.453990e-01,1.092773e-01,1.598921e-01,1.246959e-01,1.421013e-01,8.622115e-02,6.069351e-02,1.022458e-01,5.872342e-02,8.908226e-02,1.122366e-01,1.169915e-01,8.105144e-02,1.176974e-01,7.906176e-02,1.328251e-01,1.612295e-01,1.607959e-01,8.388421e-02,8.267802e-02,1.953193e-01,1.068138e-01,7.706917e-02,9.021842e-02,8.331733e-02,8.525317e-02,8.957705e-02,8.107809e-02,8.565036e-02,1.608509e-01,1.178222e-01,1.675927e-01,7.932504e-02,9.081846e-02,4.978453e-02,1.618160e-01,1.368023e-01,1.484940e-01,1.610523e-01,7.773021e-02,8.667764e-02,1.605218e-01,5.007723e-02,7.439663e-02,6.879595e-02,9.178705e-02,1.127487e-01,7.918556e-02,1.449898e-01,1.200009e-01,1.335315e-01,9.637078e-02,6.643677e-02,8.130754e-02,7.356058e-02,6.646334e-02,1.232891e-01,8.344416e-02,7.170042e-02,1.059832e-01,5.473090e-02,8.993106e-02,1.044758e-01,6.898399e-02,5.676021e-02,5.651267e-02,1.608406e-02,1.113749e-02,1.134796e-01,9.635638e-02,1.295392e-01
1.175140e-01,1.344509e-01,1.306893e-01,1.835657e-01,2.315970e-01,1.702987e-01,4.890842e-02,8.616103e-02,4.810624e-02,1.051873e-01,1.698905e-01,1.542776e-01,7.335644e-02,1.177439e-01,7.147968e-02,1.347975e-01,1.000000e+00,1.081811e-01,6.890609e-02,1.066594e-01,5.570435e-02,1.424523e-01,1.662803e-01,1.006602e-01,7.262261e-02,5.981868e-02,4.638650e-02,9.945604e-02,1.386861e-01,9.105680e-02,8.996258e-02,1.089987e-01,7.782848e-02,1.316365e-01,2.170536e-01,1.403907e-01,1.422953e-01,1.275372e-01,8.434221e-02,1.021967e-01,1.393406e-01,9.726992e-02,4.989499e-02,1.989891e-01,5.730199e-02,1.205627e-01,6.628212e-02,6.476734e-02,1.645000e-01,2.242809e-01,1.377005e-01,5.680698e-02,1.357565e-01,9.380663e-02,5.864655e-02,9.832206e-02,5.447643e-02,8.639693e-02,7.325244e-02,6.894668e-02,1.290071e-01,1.907840e-01,1.808779e-01,1.381188e-01,2.074007e-01,1.090642e-01,8.689423e-02,7.445409e-02,5.283408e-02,1.197297e-01,1.077300e-01,1.278972e-01,1.228600e-01,1.336541e-01,6.050626e-02,1.479508e-01,1.508067e-01,1.256464e-01,9.261198e-02,6.817546e-02,6.471847e-02,9.830935e-02,1.834745e-01,1.445752e-01,1.201294e-01,2.458783e-01,1.602755e-01,9.332304e-02,1.949602e-01,8.806868e-02,9.802439e-02,1.344210e-01,1.185873e-01,8.499131e-02,7.735081e-02,9.472396e-02,5.898654e-02,1.278704e-01,1.242932e-01,1.246188e-01,1.457770e-01,1.074706e-01,5.901124e-02,1.390824e-01,1.315348e-01,1.377621e-01,1.038703e-01,6.996005e-02,1.453935e-01,1.365282e-01,6.932612e-02,5.127355e-02,1.045110e-01,5.724127e-02,8.542911e-02,1.021220e-01,7.982622e-02,1.499081e-01,1.500575e-01,1.318844e-01,7.125605e-02,6.735599e-02,6.114945e-02,1.616238e-01,1.642515e-01,1.374956e-01,1.672148e-01,7.835300e-02,9.279134e-02,1.457103e-01,1.043774e-01,6.147456e-02,8.582995e-02,1.151651e-01,1.164046e-01,8.144706e-02,1.298058e-01,1.552414e-01,1.084440e-01,8.179210e-02,6.561251e-02,7.437527e-02,9.409827e-02,8.517859e-02,1.233825e-01,1.251877e-01,7.167451e-02,6.247486e-02,5.361610e-02,8.219396e-02,1.190033e-01,1.383687e-01,5.245000e-02,5.078918e-02,2.454413e-02,1.379099e-02,8.496506e-02,9.259758e-02,9.634031e-02
8.675133e-02,6.887146e-02,8.877886e-02,1.447198e-01,1.532695e-01,1.622367e-01,3.426263e-02,4.093940e-02,4.696204e-02,8.063983e-02,1.103176e-01,1.183720e-01,5.452018e-02,4.442332e-02,6.455782e-02,1.445953e-01,1.081811e-01,1.000000e+00,6.360628e-02,6.826871e-02,3.865875e-02,1.248395e-01,9.695703e-02,1.042129e-01,3.627878e-02,4.184691e-02,4.152938e-02,1.072228e-01,1.047373e-01,8.196729e-02,7.385291e-02,5.711405e-02,4.694879e-02,1.097132e-01,1.196516e-01,1.345510e-01,1.116639e-01,7.646156e-02,6.189947e-02,7.763612e-02,1.315968e-01,8.490636e-02,4.933214e-02,1.328852e-01,5.334406e-02,9.537476e-02,3.851322e-02,4.524650e-02,1.565827e-01,1.656247e-01,1.259783e-01,6.421227e-02,3.556000e-02,5.458097e-02,5.205192e-02,6.342329e-02,4.099110e-02,6.550241e-02,5.538996e-02,6.743203e-02,1.168029e-01,1.087555e-01,1.454424e-01,9.090109e-02,1.319912e-01,9.244826e-02,6.110419e-02,4.504197e-02,4.054988e-02,9.257453e-02,9.177128e-02,1.039427e-01,1.041533e-01,8.219215e-02,7.032543e-02,1.180604e-01,1.026372e-01,1.178460e-01,7.656085e-02,3.845447e-02,6.053367e-02,7.721443e-02,1.328859e-01,1.088024e-01,1.331659e-01,1.232059e-01,1.429672e-01,8.595400e-02,9.896246e-02,8.332027e-02,9.929508e-02,8.065066e-02,1.026478e-01,5.877419e-02,5.058396e-02,8.970718e-02,4.903090e-02,7.184494e-02,9.200894e-02,9.303614e-02,7.429807e-02,8.634372e-02,5.282504e-02,1.026527e-01,1.307491e-01,1.149379e-01,6.420433e-02,6.981385e-02,1.143572e-01,6.695091e-02,4.961058e-02,4.916066e-02,5.627970e-02,5.711309e-02,7.043664e-02,6.212515e-02,7.832944e-02,1.178767e-01,9.832808e-02,1.302347e-01,4.739681e-02,5.441018e-02,4.685493e-02,1.347434e-01,1.052576e-01,1.203790e-01,1.308651e-01,6.127552e-02,5.822130e-02,1.270913e-01,4.306988e-02,4.237506e-02,6.792183e-02,7.564072e-02,1.038989e-01,6.028368e-02,9.391096e-02,1.084492e-01,7.894919e-02,5.923760e-02,4.293170e-02,5.731922e-02,6.909772e-02,6.628489e-02,9.653082e-02,6.046484e-02,4.916936e-02,5.109781e-02,4.636449e-02,6.813812e-02,9.683035e-02,6.870307e-02,5.607539e-02,3.841757e-02,1.118877e-02,5.249419e-03,8.292987e-02,7.780058e-02,8.892902e-02
2.607130e-01,2.038972e-01,1.216210e-01,1.060544e-01,1.412330e-01,1.014711e-01,9.505598e-02,1.187114e-01,2.155335e-01,6.280884e-02,5.325021e-02,8.437978e-02,2.209537e-01,2.029769e-01,2.370851e-01,1.000239e-01,6.890609e-02,6.360628e-02,1.000000e+00,2.699379e-01,2.630067e-01,8.004344e-02,6.785950e-02,4.731742e-02,1.321205e-01,8.945062e-02,1.235413e-01,5.888580e-02,1.072035e-01,1.478687e-01,2.343502e-01,2.186701e-01,2.084245e-01,8.537422e-02,5.395620e-02,6.053592e-02,7.294630e-02,7.926061e-02,1.214636e-01,2.108795e-01,1.651534e-01,1.766869e-01,1.096064e-01,7.145903e-02,1.258218e-01,2.672886e-01,2.166905e-01,2.240303e-01,6.654215e-02,9.760357e-02,6.980907e-02,1.836467e-01,1.742771e-01,1.558869e-01,1.353724e-01,1.352168e-01,1.065109e-01,1.974597e-01,7.259060e-02,2.233408e-01,7.589210e-02,5.096567e-02,1.038706e-01,1.125934e-01,1.581749e-01,9.622295e-02,1.810319e-01,1.650084e-01,1.613791e-01,6.914294e-02,7.574285e-02,5.620204e-02,7.244555e-02,7.362627e-02,9.281819e-02,7.716618e-02,9.103102e-02,9.969115e-02,2.356332e-01,1.679685e-01,1.158814e-01,5.713800e-02,7.082005e-02,5.578166e-02,6.766444e-02,6.752285e-02,5.673913e-02,1.589978e-01,8.457460e-02,6.847514e-02,8.369574e-02,6.465469e-02,5.870203e-02,1.235860e-01,1.007551e-01,1.300861e-01,1.726176e-01,1.106044e-01,6.010637e-02,5.410097e-02,5.542673e-02,4.579329e-02,1.999688e-01,4.814303e-02,5.663844e-02,2.442533e-01,2.022834e-01,1.517749e-01,7.113961e-02,9.202053e-02,1.074993e-01,2.383902e-01,2.004074e-01,2.597756e-01,1.119165e-01,7.165566e-02,1.798038e-01,8.370748e-02,5.605228e-02,6.606654e-02,1.953264e-01,1.738279e-01,1.915497e-01,9.380052e-02,7.004949e-02,6.557241e-02,1.216495e-01,1.500653e-01,8.750383e-02,2.326468e-01,1.682777e-01,2.124242e-01,2.140953e-01,1.891974e-01,2.449609e-01,2.207032e-01,2.109365e-01,1.362168e-01,1.954864e-01,1.729902e-01,1.370110e-01,1.872316e-01,1.740184e-01,1.582566e-01,1.990266e-01,2.505004e-01,2.089794e-01,1.999509e-01,2.070406e-01,1.875980e-01,2.358086e-01,1.903054e-01,1.572945e-01,2.014604e-01,1.141781e-01,6.450135e-03,4.069395e-02,9.603446e-02,3.598831e-02
